52179
49264
47125
8593
32314
10454
19290
39157
38237
22767
34636
37071
3771
26129
51382
45162
38729
39362
57056
60842
24900
237
42401
34436
65187
25750
52025
45177
13022
5677
45626
36407
53417
50842
57792
17124
64599
59012
47772
43586
7924
29833
40374
12959
39430
19285
31371
5172
54734
57867
62166
3843
40083
30054
11853
32474
15039
60361
56640
58156
32366
45613
14011
32764
13938
51198
23935
62652
4783
13431
8727
10123
62084
62817
40618
44395
33691
58756
28213
35997
10476
11424
64501
23547
8206
5097
33775
736
49142
60656
14902
51009
2163
28102
48908
40291
62219
6212
37156
25680
34078
5163
53506
40401
21956
14391
3940
24328
28966
48560
28733
29067
29693
28884
31657
35455
44561
52898
4309
59454
44775
55971
5229
48407
1525
1352
22243
25042
15438
63938
30484
4660
15078
55584
3536
52187
55950
19429
34429
2530
17347
62489
45919
26861
57591
29568
24658
34011
57289
15655
4162
34419
53652
23176
20376
10694
47998
50103
60281
30695
30346
50037
12881
54939
23240
31720
41178
26778
58007
9099
63286
24442
56669
9088
18031
55132
24931
19838
45012
632
31699
55307
6034
55738
33174
26628
12949
42525
19697
56996
4089
38558
59389
59373
28545
11927
31775
56891
64525
49802
34859
51649
27070
62445
39687
21877
51013
18876
13395
4881
16157
43428
8654
25968
31850
48872
13145
47089
50746
54948
33382
8951
16100
38764
45394
23873
4861
21087
27895
32776
32654
47124
27623
5325
41089
6770
1110
34736
53928
22493
61797
7266
63152
14926
51963
5783
6109
51283
9817
56653
24858
27810
517
29383
6270
17767
35603
58882
46037
38030
3372
9608
23402
35056
59250
23507
10862
10974
12217
16988
45365
32802
39091
28391
9262
16846
40916
54901
59033
11182
47702
44780
57425
53275
32476
37931
7738
25957
51245
47917
25567
35431
48768
61008
36411
136
9525
44293
25153
45093
23509
49006
49483
31774
10198
51167
22755
55201
41641
18755
1553
18672
59795
28205
3409
62163
23741
53513
27422
30493
7521
5915
17596
32019
59827
23906
32981
31064
40219
1240
56018
65500
15839
8948
7670
36406
13274
51131
21836
58159
44855
64785
36518
18996
26639
11944
45224
52306
18711
59372
59699
44878
44482
8566
27112
41962
6309
53823
48881
14673
30278
1589
47192
47805
34038
17512
725
18503
2104
48791
33187
27277
20290
19286
51919
23707
59326
65249
53706
65250
18638
52689
33774
43738
56370
48167
34753
42925
9576
62202
19666
42813
19912
45993
30393
46629
4733
35073
27915
19270
51925
39336
29547
27197
58417
27524
19273
558
450
20989
41951
9621
47897
49408
55189
23279
25046
45387
61326
61135
65118
34633
6645
55580
57955
43419
40144
52890
26481
20234
31008
32734
9464
29104
65525
46576
42408
13980
22585
64703
17575
10864
40841
19269
53592
11479
56752
43555
10644
49701
22671
12977
32594
17562
4278
64397
9533
22906
56505
9035
50892
27178
65011
18458
61762
14959
23536
25162
62751
7098
16222
20944
59293
34226
18865
2712
64495
56992
5742
23194
28811
5904
62978
56809
57233
2846
17150
4649
12190
50674
8473
14995
36053
12482
58527
10752
28336
4886
51182
14242
34433
50604
65333
59244
41649
35054
10061
55037
52258
2914
44817
40230
43917
36973
23089
45954
13575
5092
46057
37097
40357
16412
1901
36729
15233
39476
48487
29495
30858
47030
18928
44487
56768
61828
53030
14865
11270
61111
24109
61108
51949
42675
9560
57707
45469
30876
42615
16188
35927
36836
15990
20104
52746
42418
18253
2100
48074
60990
4513
21926
17256
37815
62449
61628
41331
63013
1197
43920
55828
13754
33479
30156
50397
35466
59369
24317
43876
5864
34896
36562
5618
14356
6441
20452
34511
41021
34490
54702
21514
34118
62109
64794
7972
62789
14190
28291
17009
31965
54659
60140
60121
4205
4860
14888
2800
61457
29626
55176
18347
41853
33629
46137
59448
20090
30395
60511
32514
25933
7018
15362
54100
6573
17810
7651
48599
57799
50673
28117
30823
60142
30412
62783
61469
38338
7653
41087
10341
47479
28284
4587
46298
7254
2164
37090
54923
36924
50115
52035
19824
30629
14604
50178
29134
10789
19589
31867
32723
2891
32412
11757
4981
64552
6460
12187
57510
45788
39069
14940
36255
3267
15877
36449
57197
31538
55717
27135
56687
39094
350
14883
15461
59763
3223
21942
58892
60669
60471
60963
17566
26365
59568
3906
41670
3701
16963
6637
20081
23997
57353
34085
45052
49059
40121
62366
30065
52359
15175
50624
41887
13703
48347
23613
33378
40827
17556
48097
12140
21624
12042
21131
16617
58520
47900
17743
28716
40559
569
6877
16881
2300
59301
21018
7852
5186
43765
46322
12026
42865
29183
4507
36906
11175
9315
45789
24536
5455
34403
4223
38249
42013
34033
1647
22926
50902
61697
37204
20665
29937
34693
58546
14918
55410
38220
22359
3215
18198
64888
29036
56228
34468
3534
37256
62858
60792
47270
32445
41444
8832
20619
37453
23549
5895
16467
20280
33669
7396
60223
34325
51802
1448
36552
62258
53878
5872
51714
27094
53007
28085
10448
35838
46341
33378
33305
6217
53700
49622
7042
31336
2566
16587
51714
25412
44280
5947
53244
16294
43235
56529
7938
54431
3693
32419
12296
41606
35753
27888
38847
57458
53750
9896
18880
31897
30255
60264
35505
2214
41850
56363
31662
28061
6875
54099
65140
45088
13910
34295
13826
38248
37585
7943
53574
8711
18786
2284
35032
24347
15460
22599
9273
40936
32843
39480
2732
23126
47136
18147
56801
8115
54284
58753
7525
6576
51676
61130
1938
49376
64927
38150
15280
4038
22664
64179
24422
58928
51022
47634
50053
28293
42174
25813
47276
20441
41518
19524
42497
7825
4936
11106
43894
34833
13998
30355
32782
65260
38417
8877
41814
29257
59456
45329
57972
48956
54088
33601
38049
54155
28042
46784
64317
53599
42913
42556
32422
14542
44973
16146
26020
8466
34297
32453
26822
46641
7299
736
41194
31476
33744
50029
46933
39014
30944
64752
37313
52772
38741
26309
36009
18391
2378
1614
32057
48685
43261
62092
27089
19255
39074
59170
8022
19754
40934
38197
27072
36243
32183
46269
55991
49194
32117
13735
16641
51725
16833
56828
33281
16975
61935
44404
41773
17894
62264
38736
59116
13635
37127
24056
52924
53103
33162
28670
11811
36823
62107
45327
50931
20234
47000
47717
57954
9736
